
[params]
pos_x0 = 2.89400012
pos_y0 = 0.50178625
vel_x0 = 0.27806186
vel_y0 = -7.24828608
ace_x0 = -0.57167359
ace_y0 = -0.34781776
sigma_ax = 12063.002345
sigma_ay = 11870.677767
sigma_x = 100.4786251
sigma_y = 100.4049023
sqrt_diag_V0_value = 0.1214
